# BOHEMIA SFX FINGERPRINTS — batch SFX-01, 7/29/26
# Recorded off the REAL Web Audio render inside the ONE alpha.
# id  peak  rms  dur  zcr  beats
# gates/sfx_render_gate.py fails if any of these move past tolerance:
#   peak/rms/zcr +-6%, dur +-20ms. A recipe edit MUST re-record here,
#   deliberately, so a sound Paolo judged can never drift under him.
step_dirt.0      0.22142 0.009358 0.0286 0.01346 0.1250
step_dirt.1      0.27628 0.013939 0.0433 0.00890 0.1875
step_dirt.2      0.19710 0.010991 0.0484 0.00749 0.1875
step_dirt.3      0.26963 0.010573 0.0286 0.01110 0.1250
step_dirt.4      0.27826 0.011982 0.0293 0.00849 0.1250
step_asphalt.0   0.31860 0.010392 0.0172 0.15152 0.0625
step_asphalt.1   0.33705 0.009537 0.0149 0.12462 0.0625
step_asphalt.2   0.20901 0.009104 0.0347 0.15425 0.1250
step_asphalt.3   0.16699 0.006175 0.0172 0.13535 0.0625
step_asphalt.4   0.26875 0.009314 0.0333 0.11829 0.1250
step_gravel.0    0.35593 0.020890 0.0797 0.15046 0.1875
step_gravel.1    0.33851 0.019705 0.0652 0.15641 0.1875
step_gravel.2    0.21901 0.018058 0.1274 0.10271 0.3125
step_gravel.3    0.26978 0.013462 0.0797 0.08618 0.1875
step_gravel.4    0.25604 0.015540 0.0797 0.12827 0.1875
door_open.0      0.33420 0.030526 0.2697 0.05650 0.9375
door_open.1      0.23689 0.022615 0.2725 0.06458 0.9375
door_open.2      0.45872 0.036296 0.3752 0.04654 1.4375
door_open.3      0.51438 0.049507 0.2982 0.06585 0.9375
door_open.4      0.29883 0.024548 0.3672 0.07805 1.3125
door_shut.0      0.48941 0.038704 0.0905 0.00451 0.3125
door_shut.1      0.42618 0.022155 0.0613 0.01443 0.2500
door_shut.2      0.45000 0.035137 0.0734 0.00834 0.2500
door_shut.3      0.37059 0.029496 0.1236 0.00495 0.3750
door_shut.4      0.53156 0.043101 0.0785 0.00549 0.2500
pickup.0         0.48255 0.074780 0.0803 0.03190 0.2500
pickup.1         0.39000 0.074354 0.1298 0.04245 0.4375
pickup.2         0.39000 0.074325 0.1134 0.03497 0.3750
pickup.3         0.39000 0.073539 0.0968 0.04682 0.3125
pickup.4         0.39000 0.074841 0.1136 0.02755 0.3750
hit.0            0.53936 0.022591 0.0405 0.02518 0.1875
hit.1            0.71438 0.029514 0.0545 0.02455 0.2500
hit.2            0.59014 0.022951 0.0531 0.04394 0.2500
hit.3            0.45481 0.018957 0.0312 0.05882 0.1250
hit.4            0.44367 0.019234 0.0276 0.04016 0.1250
block.0          0.42889 0.024448 0.1048 0.12092 0.3750
block.1          0.47249 0.023641 0.1106 0.14907 0.4375
block.2          0.48484 0.036418 0.1729 0.10278 0.6250
block.3          0.37784 0.020473 0.1015 0.19678 0.3750
block.4          0.26340 0.017916 0.1071 0.09043 0.3750
kill.0           0.56160 0.082155 0.2437 0.00549 1.0000
kill.1           0.59904 0.071525 0.2123 0.01324 0.8750
kill.2           0.64761 0.091408 0.2055 0.00629 0.8125
kill.3           0.59116 0.084096 0.2594 0.00516 1.1250
kill.4           0.63360 0.096534 0.2277 0.00329 0.8750
ui_tap.0         0.22131 0.009771 0.0163 0.03883 0.0625
ui_tap.1         0.17777 0.010868 0.0316 0.04728 0.1250
ui_tap.2         0.17594 0.011486 0.0327 0.02845 0.1250
ui_tap.3         0.21365 0.009831 0.0165 0.03841 0.0625
ui_tap.4         0.20998 0.012478 0.0321 0.05579 0.1250
phone_buzz.0     0.42013 0.114149 0.4518 0.00251 0.9375
phone_buzz.1     0.42019 0.130493 0.7022 0.00223 1.4375
phone_buzz.2     0.41698 0.099123 0.1672 0.00393 0.3750
phone_buzz.3     0.41972 0.096402 0.4463 0.00132 0.9375
phone_buzz.4     0.41822 0.125601 0.4473 0.00172 0.9375
save_chime.0     0.35973 0.045060 0.2906 0.04954 1.3750
save_chime.1     0.33948 0.037950 0.5074 0.04621 1.7500
save_chime.2     0.28530 0.031668 0.4209 0.05495 1.3750
save_chime.3     0.39640 0.059777 0.3571 0.04286 1.5000
save_chime.4     0.39593 0.059228 0.3889 0.03825 1.5625
